3.057179074373102441e-04 -4.148915385850775466e-04 -3.705055567548917869e-04
1.265486853210199408e-02 -1.902624556010866312e-04 5.040542590857666032e-04
2.500401915676667836e-02 1.138237751852279322e-02 1.308201400650522463e-02
3.735316978143136263e-02 3.605790691727180086e-02 4.024123632020404351e-02
4.970232040609604690e-02 8.771884362433650384e-02 1.001518157953144583e-01
6.205147103076073117e-02 2.314154535031222037e-01 2.952898578662748186e-01
7.440062165542542238e-02 -5.297193950501420723e+00 5.208699939641844523e+00
8.674977228009010666e-02 -4.814484119730891298e-01 -3.653711285325474400e-01
9.909892290475479093e-02 -2.519941731018721653e-01 -2.163527426198795511e-01
1.114480735294194752e-01 -1.780850770647819103e-01 -1.580984595827587824e-01
1.237972241540841595e-01 -1.373032499289514319e-01 -1.230170769284021220e-01
1.361463747787488299e-01 -1.080967210369034592e-01 -9.641995306287917678e-02
1.484955254034135141e-01 -8.353203779408027718e-02 -7.312187649304305315e-02
1.608446760280781984e-01 -6.058418998338165745e-02 -5.070565075831758028e-02
1.731938266527428827e-01 -3.760118890868673069e-02 -2.776227414373776126e-02
1.855429772774075670e-01 -1.347185697891817302e-02 -3.272803268794012566e-03
1.978921279020722512e-01 1.272147880118395212e-02 2.366900511982440031e-02
2.102412785267369355e-01 4.188999374574599310e-02 5.402290686022589300e-02
2.225904291514016198e-01 7.507817188513110640e-02 8.894516051203686657e-02
2.349395797760663041e-01 1.136124109537776927e-01 1.299606356939085050e-01
2.472887304007309883e-01 1.593065863436333718e-01 1.792211152958664566e-01
2.596378810253957004e-01 2.147948755017615730e-01 2.399468156617272918e-01
2.719870316500603846e-01 2.841283697234348038e-01 3.172554043935874035e-01
2.843361822747250689e-01 3.739426945830188753e-01 4.198684387907158366e-01
2.966853328993897532e-01 4.959764450099325983e-01 5.640319130708147943e-01
3.090344835240544374e-01 6.732182032795551718e-01 7.839476996432458433e-01
3.213836341487191217e-01 9.577292202628446827e-01 1.166183217059776567e+00
3.337327847733838060e-01 1.498027928632494676e+00 2.012352827959147827e+00
3.460819353980484903e-01 2.955851441093813925e+00 5.604855886178196300e+00
3.584310860227131745e-01 -2.510994538788847663e+01 2.502883371828426817e+01
3.707802366473778588e-01 -4.440073855312738793e+00 -2.666614219913102879e+00
3.831293872720425431e-01 -2.096005606180970204e+00 -1.595739772536646450e+00
3.954785378967072274e-01 -1.392583922366690041e+00 -1.148806837418184568e+00
4.078276885213719116e-01 -1.047975306062201017e+00 -8.987991084781300488e-01
4.201768391460365959e-01 -8.393502485290569304e-01 -7.356151977688261123e-01
4.325259897707012802e-01 -6.964192032002008981e-01 -6.180456780223044788e-01
4.448751403953659644e-01 -5.899500414057020636e-01 -5.271516476538339324e-01
4.572242910200306487e-01 -5.055848735575293462e-01 -4.529866276411183557e-01
4.695734416446953330e-01 -4.354238494581967323e-01 -3.898026345444937091e-01
4.819225922693600173e-01 -3.747389162165162824e-01 -3.340238184727731818e-01
4.942717428940247015e-01 -3.205051985455345531e-01 -2.832864714915956372e-01
5.066208935186893303e-01 -2.706753397130757244e-01 -2.359426469641377755e-01
5.189700441433540146e-01 -2.237915542425382709e-01 -1.907846991895452426e-01
5.313191947680186988e-01 -1.787642825373997602e-01 -1.468828871367430233e-01
5.436683453926833831e-01 -1.347384710398810692e-01 -1.034841346912243193e-01
5.560174960173480674e-01 -9.100825900157036297e-02 -5.994522213198313909e-02
5.683666466420127517e-01 -4.695931938246490633e-02 -1.568577397586458713e-02
5.807157972666774359e-01 -2.027190618530425124e-03 2.984749989121601027e-02
5.930649478913421202e-01 4.433540303464442861e-02 7.721070396572894678e-02
6.054140985160068045e-01 9.268682121011810604e-02 1.269905992422463992e-01
6.177632491406714887e-01 1.436237471213678007e-01 1.798335115781025118e-01
6.301123997653361730e-01 1.978103362129810527e-01 2.364783939190227835e-01
6.424615503900008573e-01 2.560123445912774187e-01 2.977976769883771135e-01
6.548107010146655416e-01 3.191400086652989021e-01 3.648507900406535720e-01
6.671598516393302258e-01 3.883048787640547284e-01 4.389575086764571643e-01
6.795090022639949101e-01 4.648983559709313762e-01 5.218022612431417739e-01
6.918581528886595944e-01 5.507041057553073715e-01 6.155875110635747882e-01
7.042073035133242787e-01 6.480643108935564278e-01 7.232669406558641656e-01
7.165564541379889629e-01 7.601338509586119674e-01 8.489128045080145402e-01
7.289056047626536472e-01 8.912831512904778597e-01 9.983182780606734141e-01
7.412547553873183315e-01 1.047763254459806337e+00 1.180032257992759570e+00
7.536039060119830157e-01 1.238857570200609937e+00 1.407239192715252996e+00
7.659530566366477000e-01 1.478994592094444060e+00 1.701417022745426832e+00
7.783022072613123843e-01 1.791909227802211513e+00 2.100104012341946103e+00
7.906513578859770686e-01 2.219618322854540082e+00 2.675401266525338162e+00
8.030005085106417528e-01 2.844262062871983687e+00 3.585709705899465138e+00
8.153496591353064371e-01 3.851085344120472431e+00 5.260125637527229614e+00
8.276988097599711214e-01 5.764353747382066295e+00 9.408844120040489756e+00
8.400479603846358057e-01 9.946645583334618124e+00 2.868972319470073984e+01
8.523971110093004899e-01 -7.455517008075725016e+01 4.793622868005075333e+01
8.647462616339651742e-01 -1.646579521055452133e+01 -8.026375251694423341e+00
8.770954122586298585e-01 -7.487159216588952226e+00 -5.065310179062559648e+00
8.894445628832945427e-01 -4.879793611447350798e+00 -3.712768751859197192e+00
9.017937135079592270e-01 -3.629610494274090104e+00 -2.932233882206825903e+00
9.141428641326239113e-01 -2.890318200876536903e+00 -2.420084981792785417e+00
9.264920147572885956e-01 -2.397963730749498978e+00 -2.055107105210647767e+00
9.388411653819532798e-01 -2.043541943013152284e+00 -1.779383085245636709e+00
9.511903160066179641e-01 -1.773833985598212593e+00 -1.561735593523707832e+00
9.635394666312826484e-01 -1.559756505414108485e+00 -1.383881906343119805e+00
9.758886172559473327e-01 -1.384062858759079084e+00 -1.234383055182509681e+00
9.882377678806120169e-01 -1.235868451219361175e+00 -1.105707028653216684e+00
1.000586918505276701e+00 -1.107956474228305233e+00 -9.926838479764054091e-01
1.012936069129941385e+00 -9.953450519403718166e-01 -8.916391095182475413e-01
1.025285219754606070e+00 -8.944765390555958762e-01 -7.998819520831987884e-01
1.037634370379270754e+00 -8.027349414858480081e-01 -7.153889629741313483e-01
1.049983521003935438e+00 -7.181461753994554664e-01 -6.366016432788136337e-01
1.062332671628600123e+00 -6.391850012987446705e-01 -5.622923670074428948e-01
1.074681822253264807e+00 -5.646466666252638600e-01 -4.914730817561046017e-01
1.087030972877929491e+00 -4.935591262159749748e-01 -4.233314672809841417e-01
1.099380123502594175e+00 -4.251214418766688374e-01 -3.571851735006653650e-01
1.111729274127258860e+00 -3.586594834256521813e-01 -2.924482073848320152e-01
1.124078424751923544e+00 -2.935932934771015024e-01 -2.286056124814094537e-01
1.136427575376588228e+00 -2.294124360021037312e-01 -1.651938649237918721e-01
1.148776726001252912e+00 -1.656568615883492468e-01 -1.017852162062787003e-01
1.161125876625917597e+00 -1.019015890296127574e-01 -3.797472843217949284e-02
1.173475027250582281e+00 -3.774399433273438464e-02 2.663092131295802939e-02
1.185824177875246965e+00 2.720718544055259619e-02 9.242358110113609027e-02
1.198173328499911650e+00 9.334182526633785781e-02 1.598032963318386790e-01
1.210522479124576334e+00 1.610579330660103781e-01 2.291880370565098635e-01
1.222871629749241018e+00 2.307712276401586993e-01 3.010239894804249694e-01
