3.057179074373102441e-04 2.451706032974467764e+00 2.479011704189412413e+00 2.506549237743391778e+00
1.265486853210199408e-02 1.530986674151119997e+00 1.558292345366064424e+00 1.585829878920043789e+00
2.500401915676667836e-02 1.088766365240371625e+00 1.116072036455316052e+00 1.143609570009295417e+00
3.735316978143136263e-02 7.481996918887615644e-01 7.755053631037061024e-01 8.030428966576854677e-01
4.970232040609604690e-02 4.606671914524517186e-01 4.879728626673962566e-01 5.155103962213756219e-01
6.205147103076073117e-02 2.071431682827450660e-01 2.344488394976895762e-01 2.619863730516689970e-01
7.440062165542542238e-02 -2.217592310693149160e-02 5.129748108013032493e-03 3.266728166199243250e-02
8.674977228009010666e-02 -2.331300910865253539e-01 -2.058244198715808437e-01 -1.782868863176014507e-01
9.909892290475479093e-02 -4.295315142984600376e-01 -4.022258430835154996e-01 -3.746883095295360788e-01
1.114480735294194752e-01 -6.140316846750367707e-01 -5.867260134600922328e-01 -5.591884799061128675e-01
1.237972241540841595e-01 -7.885630872133931879e-01 -7.612574159984486499e-01 -7.337198824444692846e-01
1.361463747787488299e-01 -9.545857450456262105e-01 -9.272800738306816726e-01 -8.997425402767023073e-01
1.484955254034135141e-01 -1.113234672174207462e+00 -1.085929000959263035e+00 -1.058391467405283670e+00
1.608446760280781984e-01 -1.265412957636311786e+00 -1.238107286421367803e+00 -1.210569752867389104e+00
1.731938266527428827e-01 -1.411853143078139583e+00 -1.384547471863195156e+00 -1.357009938309215791e+00
1.855429772774075670e-01 -1.553159172380822683e+00 -1.525853501165878257e+00 -1.498315967611898891e+00
1.978921279020722512e-01 -1.689835939279734633e+00 -1.662530268064790206e+00 -1.634992734510810841e+00
2.102412785267369355e-01 -1.822310640015430083e+00 -1.795004968800485656e+00 -1.767467435246506291e+00
2.225904291514016198e-01 -1.950948548774426472e+00 -1.923642877559482045e+00 -1.896105344005502680e+00
2.349395797760663041e-01 -2.076064899335079428e+00 -2.048759228120134779e+00 -2.021221694566155413e+00
2.472887304007309883e-01 -2.197933986879419432e+00 -2.170628315664474783e+00 -2.143090782110495418e+00
2.596378810253957004e-01 -2.316796245813232513e+00 -2.289490574598287864e+00 -2.261953041044308499e+00
2.719870316500603846e-01 -2.432863827933036571e+00 -2.405558156718091922e+00 -2.378020623164112557e+00
2.843361822747250689e-01 -2.546325051927989858e+00 -2.519019380713045209e+00 -2.491481847159065843e+00
2.966853328993897532e-01 -2.657347991386782571e+00 -2.630042320171838810e+00 -2.602504786617859889e+00
3.090344835240544374e-01 -2.766083396807104133e+00 -2.738777725592159484e+00 -2.711240192038180119e+00
3.213836341487191217e-01 -2.872667096742790971e+00 -2.845361425527846322e+00 -2.817823891973866957e+00
3.337327847733838060e-01 -2.977221987263344527e+00 -2.949916316048399878e+00 -2.922378782494420513e+00
3.460819353980484903e-01 -3.079859692844752583e+00 -3.052554021629807934e+00 -3.025016488075828569e+00
3.584310860227131745e-01 -3.180681962677201380e+00 -3.153376291462256731e+00 -3.125838757908277366e+00
3.707802366473778588e-01 -3.279781852150566390e+00 -3.252476180935621741e+00 -3.224938647381642376e+00
3.831293872720425431e-01 -3.377244728582577959e+00 -3.349939057367633310e+00 -3.322401523813653945e+00
3.954785378967072274e-01 -3.473149132126788441e+00 -3.445843460911843792e+00 -3.418305927357864427e+00
4.078276885213719116e-01 -3.567567516560515184e+00 -3.540261845345570535e+00 -3.512724311791591170e+00
4.201768391460365959e-01 -3.660566889823438697e+00 -3.633261218608494048e+00 -3.605723685054514682e+00
4.325259897707012802e-01 -3.752209370405796829e+00 -3.724903699190852180e+00 -3.697366165636872815e+00
4.448751403953659644e-01 -3.842552672716137874e+00 -3.815247001501193225e+00 -3.787709467947213859e+00
4.572242910200306487e-01 -3.931650532204016724e+00 -3.904344860989072075e+00 -3.876807327435092709e+00
4.695734416446953330e-01 -4.019553079132601958e+00 -3.992247407917657753e+00 -3.964709874363678388e+00
4.819225922693600173e-01 -4.106307168384517148e+00 -4.079001497169572943e+00 -4.051463963615593578e+00
4.942717428940247015e-01 -4.191956671461460893e+00 -4.164651000246516688e+00 -4.137113466692537322e+00
5.066208935186893303e-01 -4.276542735843320564e+00 -4.249237064628376359e+00 -4.221699531074396994e+00
5.189700441433540146e-01 -4.360104016058413912e+00 -4.332798344843469707e+00 -4.305260811289490341e+00
5.313191947680186988e-01 -4.442676880147110374e+00 -4.415371208932166169e+00 -4.387833675378186804e+00
5.436683453926833831e-01 -4.524295594647660401e+00 -4.496989923432716196e+00 -4.469452389878736831e+00
5.560174960173480674e-01 -4.604992490773443414e+00 -4.577686819558499209e+00 -4.550149286004519844e+00
5.683666466420127517e-01 -4.684798114067513453e+00 -4.657492442852568360e+00 -4.629954909298588106e+00
5.807157972666774359e-01 -4.763741359499024774e+00 -4.736435688284080570e+00 -4.708898154730101204e+00
5.930649478913421202e-01 -4.841849593695914500e+00 -4.814543922480970295e+00 -4.787006388926990930e+00
6.054140985160068045e-01 -4.919148765779964627e+00 -4.891843094565020422e+00 -4.864305561011041057e+00
6.177632491406714887e-01 -4.995663508076868986e+00 -4.968357836861924781e+00 -4.940820303307945416e+00
6.301123997653361730e-01 -5.071417227809372541e+00 -5.044111556594428336e+00 -5.016574023040448971e+00
6.424615503900008573e-01 -5.146432190740987345e+00 -5.119126519526043140e+00 -5.091588985972063774e+00
6.548107010146655416e-01 -5.220729597617453699e+00 -5.193423926402509494e+00 -5.165886392848531017e+00
6.671598516393302258e-01 -5.294329654149723119e+00 -5.267023982934778914e+00 -5.239486449380799549e+00
6.795090022639949101e-01 -5.367251635193155401e+00 -5.339945963978211196e+00 -5.312408430424231831e+00
6.918581528886595944e-01 -5.439513943700541532e+00 -5.412208272485596439e+00 -5.384670738931616185e+00
7.042073035133242787e-01 -5.511134164959897497e+00 -5.483828493744953292e+00 -5.456290960190973927e+00
7.165564541379889629e-01 -5.582129116569954697e+00 -5.554823445355010492e+00 -5.527285911801031126e+00
7.289056047626536472e-01 -5.652514894555682012e+00 -5.625209223340737807e+00 -5.597671689786758442e+00
7.412547553873183315e-01 -5.722306915982142250e+00 -5.695001244767198045e+00 -5.667463711213219568e+00
7.536039060119830157e-01 -5.791519958386226463e+00 -5.764214287171281370e+00 -5.736676753617301117e+00
7.659530566366477000e-01 -5.860168196311990485e+00 -5.832862525097045392e+00 -5.805324991543065138e+00
7.783022072613123843e-01 -5.928265235205468109e+00 -5.900959563990523904e+00 -5.873422030436544539e+00
7.906513578859770686e-01 -5.995824142898467990e+00 -5.968518471683523785e+00 -5.940980938129545308e+00
8.030005085106417528e-01 -6.062857478887793583e+00 -6.035551807672849378e+00 -6.008014274118870013e+00
8.153496591353064371e-01 -6.129377321595595340e+00 -6.102071650380651135e+00 -6.074534116826671770e+00
8.276988097599711214e-01 -6.195395293778493517e+00 -6.168089622563549312e+00 -6.140552089009569947e+00
8.400479603846358057e-01 -6.260922586236813636e+00 -6.233616915021869431e+00 -6.206079381467890066e+00
8.523971110093004899e-01 -6.325969979960899714e+00 -6.298664308745955509e+00 -6.271126775191976144e+00
8.647462616339651742e-01 -6.390547866838624635e+00 -6.363242195623680431e+00 -6.335704662069701065e+00
8.770954122586298585e-01 -6.454666269036711590e+00 -6.427360597821767385e+00 -6.399823064267788020e+00
8.894445628832945427e-01 -6.518334857158227358e+00 -6.491029185943283153e+00 -6.463491652389303788e+00
9.017937135079592270e-01 -6.581562967269392495e+00 -6.554257296054448290e+00 -6.526719762500468924e+00
9.141428641326239113e-01 -6.644359616880605834e+00 -6.617053945665661630e+00 -6.589516412111682264e+00
9.264920147572885956e-01 -6.706733519959080958e+00 -6.679427848744136753e+00 -6.651890315190157388e+00
9.388411653819532798e-01 -6.768693101043955274e+00 -6.741387429829011069e+00 -6.713849896275031703e+00
9.511903160066179641e-01 -6.830246508528490246e+00 -6.802940837313546041e+00 -6.775403303759566676e+00
9.635394666312826484e-01 -6.891401627168753485e+00 -6.864095955953809280e+00 -6.836558422399829915e+00
9.758886172559473327e-01 -6.952166089873061061e+00 -6.924860418658116856e+00 -6.897322885104137491e+00
9.882377678806120169e-01 -7.012547288822143621e+00 -6.985241617607199416e+00 -6.957704084053220051e+00
1.000586918505276701e+00 -7.072552385965862776e+00 -7.045246714750918571e+00 -7.017709181196939205e+00
1.012936069129941385e+00 -7.132188322938698199e+00 -7.104882651723753995e+00 -7.077345118169774629e+00
1.025285219754606070e+00 -7.191461830432833047e+00 -7.164156159217888842e+00 -7.136618625663909476e+00
1.037634370379270754e+00 -7.250379437064714772e+00 -7.223073765849770567e+00 -7.195536232295791201e+00
1.049983521003935438e+00 -7.308947477768087175e+00 -7.281641806553142970e+00 -7.254104272999163605e+00
1.062332671628600123e+00 -7.367172101744103863e+00 -7.339866430529159658e+00 -7.312328896975180292e+00
1.074681822253264807e+00 -7.425059279996720996e+00 -7.397753608781776791e+00 -7.370216075227797425e+00
1.087030972877929491e+00 -7.482614812479515543e+00 -7.455309141264571338e+00 -7.427771607710591972e+00
1.099380123502594175e+00 -7.539844334878156751e+00 -7.512538663663212546e+00 -7.485001130109233181e+00
1.111729274127258860e+00 -7.596753325050948469e+00 -7.569447653836004264e+00 -7.541910120282024899e+00
1.124078424751923544e+00 -7.653347109148328720e+00 -7.626041437933384515e+00 -7.598503904379405149e+00
1.136427575376588228e+00 -7.709630867430614209e+00 -7.682325196215670005e+00 -7.654787662661690639e+00
1.148776726001252912e+00 -7.765609639802009134e+00 -7.738303968587064929e+00 -7.710766435033085564e+00
1.161125876625917597e+00 -7.821288331077622225e+00 -7.793982659862678020e+00 -7.766445126308698654e+00
1.173475027250582281e+00 -7.876671715999045809e+00 -7.849366044784101604e+00 -7.821828511230122238e+00
1.185824177875246965e+00 -7.931764444013002624e+00 -7.904458772798058419e+00 -7.876921239244079054e+00
1.198173328499911650e+00 -7.986571043826651284e+00 -7.959265372611707079e+00 -7.931727839057727714e+00
1.210522479124576334e+00 -8.041095927752119010e+00 -8.013790256537173917e+00 -7.986252722983194552e+00
1.222871629749241018e+00 -8.095343395852088619e+00 -8.068037724637143526e+00 -8.040500191083163273e+00
