1.638311627963757316e-02
1.654620492799344089e-02
1.691167279039055421e-02
1.747220003686595843e-02
1.821720010724843519e-02
1.913368550870202592e-02
2.020786109062390826e-02
2.142682176274013015e-02
2.278040688806095074e-02
2.426270989468511455e-02
2.587278813312822445e-02
2.761468015322902578e-02
2.949641024059914546e-02
3.152877047979064234e-02
3.372365658683749989e-02
3.609349131385190812e-02
3.865000062143986864e-02
4.140562413237411366e-02
4.437309493386952519e-02
4.756761438768616207e-02
5.100767013114927695e-02
5.471516798890981720e-02
5.871755206589721748e-02
6.304598016679538453e-02
6.773588224040832939e-02
7.282894134542561293e-02
7.837034975914444757e-02
8.441197906999058087e-02
9.101661618439475798e-02
9.825684172317314391e-02
