3.057179074373102441e-04
1.349375591447438431e-03
2.393033275457566618e-03
3.436690959467695022e-03
4.480348643477823425e-03
5.524006327487951395e-03
6.567664011498079366e-03
7.611321695508207336e-03
8.654979379518335306e-03
9.698637063528463276e-03
1.074229474753859125e-02
1.178595243154871922e-02
1.282961011555884892e-02
1.387326779956897689e-02
1.491692548357910486e-02
1.596058316758923110e-02
1.700424085159936080e-02
1.804789853560949051e-02
1.909155621961961674e-02
2.013521390362974645e-02
2.117887158763987268e-02
2.222252927165000239e-02
2.326618695566012862e-02
2.430984463967025833e-02
2.535350232368038803e-02
2.639716000769051427e-02
2.744081769170064397e-02
2.848447537571077021e-02
2.952813305972089991e-02
3.057179074373102615e-02
