1.250000000000000000e+00 6.231335004600942362e+00
1.239999999999999991e+00 6.314941748277689726e+00
1.229999999999999982e+00 6.399821593261557418e+00
1.219999999999999973e+00 6.486245615494612871e+00
1.209999999999999964e+00 6.574507422868925310e+00
1.199999999999999956e+00 6.664931899883344890e+00
1.189999999999999947e+00 6.757886009383211601e+00
1.179999999999999938e+00 6.853792537610509328e+00
1.169999999999999929e+00 6.953148049140918552e+00
1.159999999999999920e+00 7.056546900757298069e+00
1.149999999999999911e+00 7.164714096365505824e+00
1.139999999999999902e+00 7.278551264191500891e+00
1.129999999999999893e+00 7.399202541135378119e+00
1.119999999999999885e+00 7.528151432335893567e+00
1.109999999999999876e+00 7.667367298058044511e+00
1.099999999999999867e+00 7.819534145901114286e+00
1.089999999999999858e+00 7.988421510549357230e+00
1.079999999999999849e+00 8.179512535595018008e+00
1.069999999999999840e+00 8.401124860102063607e+00
1.059999999999999831e+00 8.666543739288899317e+00
1.049999999999999822e+00 8.998423367257606387e+00
1.039999999999999813e+00 9.438877128801541616e+00
1.029999999999999805e+00 1.007619245669668651e+01
1.019999999999999796e+00 1.113222583037049773e+01
1.009999999999999787e+00 1.336924330448783671e+01
9.999999999999997780e-01 2.230203523853120728e+01
9.899999999999999911e-01 -1.808328460731064524e+01
9.799999999999999822e-01 1.126925496097996193e+00
9.699999999999999734e-01 4.130639587148227321e+00
9.599999999999999645e-01 5.406487512242543758e+00
9.499999999999999556e-01 6.145556476441908167e+00
9.399999999999999467e-01 6.649944168008500078e+00
9.299999999999999378e-01 7.031828979897445819e+00
9.199999999999999289e-01 7.342533937425595347e+00
9.099999999999999201e-01 7.608948318655803789e+00
8.999999999999999112e-01 7.846602799399413186e+00
8.899999999999999023e-01 8.065176387776975986e+00
8.799999999999998934e-01 8.271101145838086310e+00
8.699999999999998845e-01 8.468910941027168349e+00
8.599999999999998757e-01 8.661995677651695758e+00
8.499999999999998668e-01 8.853055575811152877e+00
8.399999999999998579e-01 9.044398953437340793e+00
8.299999999999998490e-01 9.238160716496926383e+00
8.199999999999998401e-01 9.436489196773788279e+00
8.099999999999998312e-01 9.641738715206209065e+00
7.999999999999998224e-01 9.856708056271887841e+00
7.899999999999998135e-01 1.008498335032795268e+01
7.799999999999998046e-01 1.033148891756209586e+01
7.699999999999997957e-01 1.060345440657906479e+01
7.599999999999997868e-01 1.091225998719296797e+01
7.499999999999997780e-01 1.127729788025030011e+01
7.399999999999997691e-01 1.173503847283503454e+01
7.299999999999997602e-01 1.236391236682779926e+01
7.199999999999997513e-01 1.337048261616150668e+01
7.099999999999997424e-01 1.553593214317771576e+01
6.999999999999997335e-01 2.682399381908577851e+01
6.899999999999999467e-01 -1.156111955743527764e+00
6.799999999999999378e-01 6.871314281547202363e+00
6.699999999999999289e-01 8.804229413005158378e+00
6.599999999999999201e-01 9.777918066421339205e+00
6.499999999999999112e-01 1.042911026817495390e+01
6.399999999999999023e-01 1.093786998181860071e+01
6.299999999999998934e-01 1.137566870359895077e+01
6.199999999999998845e-01 1.177753619023951437e+01
6.099999999999998757e-01 1.216387530728810340e+01
5.999999999999998668e-01 1.254892939928272177e+01
5.899999999999998579e-01 1.294503092101443364e+01
5.799999999999998490e-01 1.336577051356097812e+01
5.699999999999998401e-01 1.383002460396631150e+01
5.599999999999998312e-01 1.436988707281180311e+01
5.499999999999998224e-01 1.505152442658627443e+01
5.399999999999998135e-01 1.604735591054180688e+01
5.299999999999998046e-01 1.801728459612224142e+01
5.199999999999997957e-01 2.824844114330688782e+01
5.100000000000000089e-01 5.698964606889548534e+00
5.000000000000000000e-01 1.174932844480557037e+01
4.899999999999999911e-01 1.346036138582139507e+01
4.799999999999999822e-01 1.446699590797626200e+01
4.699999999999999734e-01 1.525126123646050225e+01
4.599999999999999645e-01 1.595910980136396340e+01
4.499999999999999556e-01 1.666074082134177203e+01
4.399999999999999467e-01 1.741268805794175734e+01
4.299999999999999378e-01 1.829708071135660674e+01
4.199999999999999289e-01 1.951457933396960698e+01
4.099999999999999201e-01 2.193053706452444018e+01
3.999999999999999112e-01 5.116206484433101309e+01
3.800000000000000044e-01 1.740575973872602233e+01
3.699999999999999956e-01 1.897612617268016777e+01
3.599999999999999867e-01 2.019464115428566942e+01
3.499999999999999778e-01 2.138775512334331452e+01
3.399999999999999689e-01 2.278699005216979145e+01
3.299999999999999600e-01 2.501734750100199278e+01
3.199999999999999512e-01 3.767434610116374927e+01
3.099999999999999978e-01 1.874018730922804465e+01
3.074999999999999956e-01 2.029854672084156775e+01
3.049999999999999933e-01 2.134047690620202431e+01
3.024999999999999911e-01 2.212982868754083299e+01
2.999999999999999889e-01 2.277955761854529371e+01
2.974999999999999867e-01 2.334658471227468013e+01
2.949999999999999845e-01 2.386322841806335404e+01
2.924999999999999822e-01 2.434978571485155641e+01
2.899999999999999800e-01 2.482033155315801665e+01
2.874999999999999778e-01 2.528576201568642290e+01
2.849999999999999756e-01 2.575566155051035366e+01
2.824999999999999734e-01 2.623974236819241312e+01
2.799999999999999711e-01 2.674934482326973040e+01
2.774999999999999689e-01 2.729953107933535250e+01
2.749999999999999667e-01 2.791270543867377540e+01
2.724999999999999645e-01 2.862590451012898640e+01
2.699999999999999623e-01 2.950764704572718244e+01
2.674999999999999600e-01 3.070374614480962805e+01
2.649999999999999578e-01 3.259439812956578919e+01
2.624999999999999556e-01 3.659400539694536292e+01
2.599999999999999534e-01 5.625209648296489462e+01
2.575000000000000067e-01 3.662894138934368549e+00
2.565000000000000058e-01 1.437566748236372050e+01
2.555000000000000049e-01 1.875593089037049666e+01
2.545000000000000040e-01 2.118677691729408963e+01
2.535000000000000031e-01 2.276533584715664915e+01
2.525000000000000022e-01 2.389610936067052904e+01
2.515000000000000013e-01 2.476309241236355163e+01
2.505000000000000004e-01 2.546205063911635591e+01
2.494999999999999996e-01 2.604778166121483096e+01
2.484999999999999987e-01 2.655394184736253393e+01
2.474999999999999978e-01 2.700237817039580435e+01
2.464999999999999969e-01 2.740792428256902014e+01
2.454999999999999960e-01 2.778103942675935301e+01
2.444999999999999951e-01 2.812934354318700159e+01
2.434999999999999942e-01 2.845855596974667279e+01
2.424999999999999933e-01 2.877309016429835253e+01
2.414999999999999925e-01 2.907644527299885695e+01
2.404999999999999916e-01 2.937147499719224797e+01
2.394999999999999907e-01 2.966057488241903428e+01
2.384999999999999898e-01 2.994582017763350024e+01
2.374999999999999889e-01 3.022907361045362507e+01
2.364999999999999880e-01 3.051206942007177858e+01
2.354999999999999871e-01 3.079648695125717595e+01
2.344999999999999862e-01 3.108402242559429851e+01
2.334999999999999853e-01 3.137645927667078993e+01
2.324999999999999845e-01 3.167574786430527212e+01
2.314999999999999836e-01 3.198410328819711523e+01
2.304999999999999827e-01 3.230412786526261470e+01
2.294999999999999818e-01 3.263897907203013204e+01
2.284999999999999809e-01 3.299260608490957480e+01
2.274999999999999800e-01 3.337009161332044016e+01
2.264999999999999791e-01 3.377817379738280579e+01
2.254999999999999782e-01 3.422606616042680372e+01
2.244999999999999774e-01 3.472679499626752175e+01
2.234999999999999765e-01 3.529949980278495048e+01
2.224999999999999756e-01 3.597360979401052816e+01
2.214999999999999747e-01 3.679695833289436990e+01
2.204999999999999738e-01 3.785300948702046497e+01
2.194999999999999729e-01 3.930186745059335607e+01
2.184999999999999720e-01 4.149479732981266267e+01
2.174999999999999711e-01 4.538165987977509985e+01
2.164999999999999702e-01 5.473464850351523836e+01
2.154999999999999694e-01 1.169392798271628351e+02
