3.057179074373102441e-04 1.865838124702913492e-02
1.265486853210199408e-02 4.093128111766036192e-01
2.500401915676667836e-02 3.615257840356808638e-01
3.735316978143136263e-02 2.172380136840445508e-01
4.970232040609604690e-02 4.978720867859418725e-02
6.205147103076073117e-02 -1.222725691005222270e-01
7.440062165542542238e-02 -2.930207032737552342e-01
8.674977228009010666e-02 -4.602827606460019316e-01
9.909892290475479093e-02 -6.232564416712054189e-01
1.114480735294194752e-01 -7.816838671408830042e-01
1.237972241540841595e-01 -9.355526905791679004e-01
1.361463747787488299e-01 -1.085010113923328356e+00
1.484955254034135141e-01 -1.230144240939622602e+00
1.608446760280781984e-01 -1.371195170990322731e+00
1.731938266527428827e-01 -1.508271775848207374e+00
1.855429772774075670e-01 1.499917669662318653e+00
1.978921279020722512e-01 1.370110009827194775e+00
2.102412785267369355e-01 1.243706191535220773e+00
2.225904291514016198e-01 1.120464946050325761e+00
2.349395797760663041e-01 1.000222485313223331e+00
2.472887304007309883e-01 8.828620282565378119e-01
2.596378810253957004e-01 7.682478569534623158e-01
2.719870316500603846e-01 6.562272994056967956e-01
2.843361822747250689e-01 5.466582880423295210e-01
2.966853328993897532e-01 4.394124952465850997e-01
3.090344835240544374e-01 3.343718253584526678e-01
3.213836341487191217e-01 2.314298175199659968e-01
3.337327847733838060e-01 1.304919344781672041e-01
3.460819353980484903e-01 3.147185274154913615e-02
3.584310860227131745e-01 -6.571291699164202860e-02
3.707802366473778588e-01 -1.611576360199160063e-01
3.831293872720425431e-01 -2.549764947838764062e-01
3.954785378967072274e-01 -3.472863256428147527e-01
4.078276885213719116e-01 -4.381091475192851470e-01
4.201768391460365959e-01 -5.274143142087746039e-01
4.325259897707012802e-01 -6.152515747184778006e-01
4.448751403953659644e-01 -7.017951089092263617e-01
4.572242910200306487e-01 -7.871940553114868955e-01
4.695734416446953330e-01 -8.713090427646218439e-01
4.819225922693600173e-01 -9.540946604697709832e-01
4.942717428940247015e-01 -1.035831369902771026e+00
5.066208935186893303e-01 -1.116603755962353617e+00
5.189700441433540146e-01 -1.196111923677736444e+00
5.313191947680186988e-01 -1.274604849401885787e+00
5.436683453926833831e-01 -1.352310022099512565e+00
5.560174960173480674e-01 -1.428830133542075442e+00
5.683666466420127517e-01 -1.504454515808542059e+00
5.807157972666774359e-01 1.562218184695525203e+00
5.930649478913421202e-01 1.488478203756719020e+00
6.054140985160068045e-01 1.415367715340389188e+00
6.177632491406714887e-01 1.343097336145890219e+00
6.301123997653361730e-01 1.271827226410991774e+00
6.424615503900008573e-01 1.200997438559254560e+00
6.548107010146655416e-01 1.131310890445209161e+00
6.671598516393302258e-01 1.062050495013881823e+00
6.795090022639949101e-01 9.936778671326409462e-01
6.918581528886595944e-01 9.260095411716156022e-01
7.042073035133242787e-01 8.588543139867101939e-01
7.165564541379889629e-01 7.926892508205358734e-01
7.289056047626536472e-01 7.267592680063399424e-01
7.412547553873183315e-01 6.619546443551742598e-01
7.536039060119830157e-01 5.972474230944506690e-01
7.659530566366477000e-01 5.336969509552680346e-01
7.783022072613123843e-01 4.701847949143323491e-01
7.906513578859770686e-01 4.078203595846877638e-01
8.030005085106417528e-01 3.454561503238114950e-01
8.153496591353064371e-01 2.842332377272538402e-01
8.276988097599711214e-01 2.229621815904490323e-01
8.400479603846358057e-01 1.628429374844586330e-01
8.523971110093004899e-01 1.026195416811040984e-01
8.647462616339651742e-01 4.355187610780773128e-02
8.770954122586298585e-01 -1.564079104954018209e-02
8.894445628832945427e-01 -7.374198744547269535e-02
9.017937135079592270e-01 -1.318768577392963326e-01
9.141428641326239113e-01 -1.891323560597390208e-01
9.264920147572885956e-01 -2.461492994628009801e-01
9.388411653819532798e-01 -3.026802853572774232e-01
9.511903160066179641e-01 -3.585452588494843496e-01
9.635394666312826484e-01 -4.143960855847839686e-01
9.758886172559473327e-01 -4.691973105109669695e-01
9.882377678806120169e-01 -5.242590652107423921e-01
1.000586918505276701e+00 -5.782616103501676541e-01
1.012936069129941385e+00 -6.322907206667209845e-01
1.025285219754606070e+00 -6.857994452615300274e-01
1.037634370379270754e+00 -7.386369545999214026e-01
1.049983521003935438e+00 -7.916377840270771848e-01
1.062332671628600123e+00 -8.435483030160335627e-01
1.074681822253264807e+00 -8.956700052457901018e-01
1.087030972877929491e+00 -9.471639198224496292e-01
1.099380123502594175e+00 -9.980880184864199256e-01
1.111729274127258860e+00 -1.049208999857060176e+00
1.124078424751923544e+00 -1.099270814709382815e+00
1.136427575376588228e+00 -1.149454592220606752e+00
1.148776726001252912e+00 -1.199294875577409547e+00
1.161125876625917597e+00 -1.248297257566511220e+00
1.173475027250582281e+00 -1.297643767858822850e+00
1.185824177875246965e+00 -1.346171789820984843e+00
1.198173328499911650e+00 -1.394337993934700703e+00
1.210522479124576334e+00 -1.442724811326340228e+00
1.222871629749241018e+00 -1.490081297993862464e+00
