2.044368304228828759e+00 -5.876117193560062568e-02
2.013076952633489736e+00 -5.789376552821517280e-02
1.981785601038150268e+00 -5.689839593764347420e-02
1.950494249442811245e+00 -5.576480173093580073e-02
1.919202897847472000e+00 -5.448048013994259697e-02
1.887911546252132755e+00 -5.303100966665081489e-02
1.856620194656793510e+00 -5.140067951637741078e-02
1.825328843061454265e+00 -4.957329306965941457e-02
1.794037491466115020e+00 -4.753300219229110446e-02
1.762746139870775774e+00 -4.526509513595082523e-02
1.731454788275436751e+00 -4.275681227884357144e-02
1.700163436680097506e+00 -3.999848899932376134e-02
1.668872085084758261e+00 -3.698539637377236400e-02
1.637580733489419016e+00 -3.372020981902126152e-02
1.606289381894079771e+00 -3.021441566318152153e-02
1.574998030298740526e+00 -2.648381827011375006e-02
1.543706678703401280e+00 -2.253064442655862420e-02
1.512415327108062257e+00 -1.830788782911788384e-02
1.481123975512723012e+00 -1.367175400100395510e-02
1.449832623917383767e+00 -8.332346928074853970e-03
1.418541272322044522e+00 -1.802114072404737430e-03
1.387249920726705277e+00 6.663472157217868209e-03
1.355958569131366254e+00 1.811925336079407353e-02
1.324667217536026786e+00 3.395946623143562132e-02
1.293375865940687763e+00 5.598186331208038907e-02
1.262084514345348518e+00 8.663315776348441688e-02
1.230793162750009273e+00 1.295458073559619117e-01
1.199501811154670028e+00 1.904692661989952074e-01
1.168210459559330783e+00 2.788960343821020871e-01
1.136919107963991760e+00 4.110896956473419905e-01
1.105627756368652292e+00 6.160287021397482521e-01
1.074336404773313269e+00 9.476890221643374801e-01
1.043045053177974024e+00 1.511876769634746598e+00
1.011753701582634779e+00 2.528700783770394978e+00
9.804623499872955339e-01 4.488965738676460759e+00
9.491709983919562887e-01 8.579626195499868047e+00
9.178796467966172656e-01 1.795901847482855018e+01
8.865882952012780205e-01 4.203878591866104841e+01
8.552969436059387753e-01 1.129331452517449179e+02
8.240055920105995302e-01 3.596931799591770869e+02
7.927142404152602850e-01 1.415668626457378878e+03
7.614228888199210399e-01 7.260729712908426336e+03
7.301315372245820168e-01 5.199402299183693685e+04
6.988401856292427716e-01 5.685866350540927378e+05
