-1.202687501914536571e-04 -1.583778441707790665e-03 -6.209336273555902952e-03 -1.412218692340868643e-02 -2.654572700070849389e-02 -4.145950773154975788e-02 -5.463106737683364605e-02
-1.202687501913867754e-04 -1.585619176820038780e-03 -6.232566568675479250e-03 -1.416925661313498883e-02 -2.631001836904994437e-02 -4.105599182194616392e-02 -5.417850068919094486e-02
-1.202687501914156287e-04 -1.587146001240920560e-03 -6.253711939129370963e-03 -1.424093024970658761e-02 -2.610204861381991773e-02 -4.063140785552760148e-02 -5.369159590674742188e-02
-1.202687501912669168e-04 -1.588461978128459301e-03 -6.274197107436024073e-03 -1.433196705217606656e-02 -2.592982558804684742e-02 -4.019114878272442987e-02 -5.318148953250745326e-02
-1.202687501913883203e-04 -1.589671026742426815e-03 -6.295035291809664146e-03 -1.443565978421982796e-02 -2.579958382027061625e-02 -3.974091466588976912e-02 -5.266303409784295342e-02
-1.202687501915509778e-04 -1.590854142000180764e-03 -6.316648460110800382e-03 -1.454460806933778085e-02 -2.571474217521735328e-02 -3.928738479885245799e-02 -5.215667514181077796e-02
-1.202687501913174271e-04 -1.592052606583660521e-03 -6.338833543537666579e-03 -1.465159600154715761e-02 -2.567459645864478626e-02 -3.883935597847636145e-02 -5.169069488033003340e-02
-1.202687501913055280e-04 -1.593261502784810209e-03 -6.360858092723923642e-03 -1.475035664306613252e-02 -2.567289252955324078e-02 -3.840949550061274753e-02 -5.130331689951660862e-02
-1.202687501915708864e-04 -1.594433186971623865e-03 -6.381632303066641157e-03 -1.483594368649628244e-02 -2.569678926160478757e-02 -3.801693518097093438e-02 -5.104385353439832435e-02
-1.202687501913467141e-04 -1.595486743542295785e-03 -6.399879604920965560e-03 -1.490447861853488355e-02 -2.572727999649514555e-02 -3.769073072467916258e-02 -5.097191429981844796e-02
-1.202687501914365809e-04 -1.596316534262057956e-03 -6.414222915793557980e-03 -1.495230098551315022e-02 -2.574285990035628247e-02 -3.747328461204933736e-02 -5.115403677299502905e-02
-1.202687501915761448e-04 -1.596793577269884235e-03 -6.423147229428769964e-03 -1.497509218525424311e-02 -2.572857688007580343e-02 -3.742123789930011657e-02 -5.165822300228627151e-02
-1.202687501916043883e-04 -1.596759568504283692e-03 -6.424916418282380220e-03 -1.496835970408713634e-02 -2.569076606035323312e-02 -3.760084680398649570e-02 -5.254825517388184847e-02
-1.202687501914159539e-04 -1.596030111095063722e-03 -6.417773973058298748e-03 -1.493153299887106482e-02 -2.567176801817682222e-02 -3.807825188645885817e-02 -5.388006536910419642e-02
-1.202687501914197351e-04 -1.594453596430279963e-03 -6.401104273492054866e-03 -1.487732241060337954e-02 -2.575227232855016590e-02 -3.891028888036742600e-02 -5.570099403486947903e-02
-1.202687501915514521e-04 -1.592101799066440466e-03 -6.378269805408726470e-03 -1.484272280289966432e-02 -2.603247940919643441e-02 -4.014076559641773650e-02 -5.805043887928668794e-02
-1.202687501912100640e-04 -1.589625715571828246e-03 -6.360393515399123329e-03 -1.488930184250295864e-02 -2.660002849261062022e-02 -4.180016213538621100e-02 -6.095938332162881973e-02
-1.202687501915035439e-04 -1.588577637482910298e-03 -6.367107544311711477e-03 -1.508299759562300654e-02 -2.750503576764057670e-02 -4.390404385553988570e-02 -6.444797205160689157e-02
-1.202687501913070458e-04 -1.591191280021406933e-03 -6.419886141010717508e-03 -1.546516767285597074e-02 -2.875413647493893152e-02 -4.644995312716860419e-02 -6.852311515627153293e-02
-1.202687501915184111e-04 -1.599305417779240540e-03 -6.530684910962305731e-03 -1.603741539252414097e-02 -3.031774260254678152e-02 -4.941537091516164798e-02 -7.317815905498673001e-02
-1.202687501914335451e-04 -1.613019258336771721e-03 -6.694579799037114233e-03 -1.676487717124143864e-02 -3.213904578634015075e-02 -5.275731724180107718e-02 -7.839422902722338604e-02
-1.202687501914784311e-04 -1.630277310797688655e-03 -6.891234975524701371e-03 -1.758825198754908684e-02 -3.414144100312335728e-02 -5.641462872746601936e-02 -8.414384853977115164e-02
-1.202687501914728204e-04 -1.647992389532463610e-03 -7.094154030819138125e-03 -1.844082419594606295e-02 -3.624153858798425526e-02 -6.031938790430371039e-02 -9.040232995288526030e-02
-1.202687501912938999e-04 -1.663862442036060209e-03 -7.282969897878128866e-03 -1.927032801006428250e-02 -3.837296847281632811e-02 -6.442143152038934395e-02 -9.716923981980064851e-02
-1.202687501914595389e-04 -1.677206065039465229e-03 -7.450100656068968548e-03 -2.005373264764827995e-02 -4.050629876121317197e-02 -6.870963917806911792e-02 -1.044844108271086175e-01
-1.202687501913026684e-04 -1.688391463520953198e-03 -7.597411597847531124e-03 -2.079209037971437718e-02 -4.264437677100473695e-02 -7.320678468821198437e-02 -1.124194274634381235e-01
-1.202687501914058167e-04 -1.697990011040724240e-03 -7.729365030573228171e-03 -2.149446979586169468e-02 -4.480028453989501336e-02 -7.794419784171192911e-02 -1.210526712923566672e-01
-1.202687501914754224e-04 -1.706405141423304088e-03 -7.849257089974385690e-03 -2.216685173367823058e-02 -4.697921806792078325e-02 -8.293902414529252809e-02 -1.304480051534484542e-01
-1.202687501915080434e-04 -1.713849720178055357e-03 -7.958593959769479087e-03 -2.280902395522859880e-02 -4.917116052118204045e-02 -8.818245382553789591e-02 -1.406424862391298936e-01
-1.202687501913854472e-04 -1.720417353948027481e-03 -8.057644320925583942e-03 -2.341572753100591014e-02 -5.135105428201788141e-02 -9.363627402197924332e-02 -1.516392765570210854e-01
-1.202687501913053789e-04 -1.726151986567032049e-03 -8.146181867519902003e-03 -2.397943250782239716e-02 -5.348360033707913463e-02 -9.923560947940023025e-02 -1.634036389340662032e-01
-1.202687501913377152e-04 -1.731093093221640865e-03 -8.224060985896671644e-03 -2.449319510558045990e-02 -5.553016288578689619e-02 -1.048960796476182539e-01 -1.758615356451745937e-01
-1.202687501916257064e-04 -1.735296951454743221e-03 -8.291522051897383047e-03 -2.495268284243763734e-02 -5.745561703460005248e-02 -1.105235282164186150e-01 -1.889009834740620342e-01
-1.202687501913189043e-04 -1.738836498219346752e-03 -8.349201185221831467e-03 -2.535675230564091165e-02 -5.923277970246407925e-02 -1.160233500974688359e-01 -2.023751657147596639e-01
-1.202687501915958231e-04 -1.741792846245004880e-03 -8.398009741312417384e-03 -2.570704683652546771e-02 -6.084391386590566608e-02 -1.213070322489998160e-01 -2.161061133540912449e-01
-1.202687501913670158e-04 -1.744247981947306438e-03 -8.438979401664794405e-03 -2.600711767876179650e-02 -6.228031382840055336e-02 -1.262962214672268269e-01 -2.298889104992739851e-01
-1.202687501915109165e-04 -1.746276261607115259e-03 -8.473127544992672955e-03 -2.626145473011659570e-02 -6.354036678623152523e-02 -1.309238687679501467e-01 -2.434960674100844213e-01
-1.202687501916677870e-04 -1.747942712054742801e-03 -8.501383645077017354e-03 -2.647482130802730066e-02 -6.462789711386870972e-02 -1.351350402465906209e-01 -2.566837819702538770e-01
-1.202687501916816106e-04 -1.749303223158582337e-03 -8.524576773852163628e-03 -2.665184464733133876e-02 -6.555050394550900050e-02 -1.388874127674116499e-01 -2.692010835027850435e-01
-1.202687501909967607e-04 -1.750402330108364549e-03 -8.543408194486883794e-03 -2.679685488130640475e-02 -6.631881772732960145e-02 -1.421533451322505859e-01 -2.808041598773226011e-01
-1.202687501915222058e-04 -1.751279806577107955e-03 -8.558487921530128287e-03 -2.691372950050938823e-02 -6.694528051613932162e-02 -1.449208558204447550e-01 -2.912725999481116101e-01
-1.202687501820429042e-04 -1.751968913707248983e-03 -8.570362162396417266e-03 -2.700620060726086763e-02 -6.744446405743420581e-02 -1.471969169867295701e-01 -3.004317395274329616e-01
-1.202687501964450122e-04 -1.752498098766267854e-03 -8.579502696452870336e-03 -2.707766290447087207e-02 -6.783189469865320842e-02 -1.490068008680191791e-01 -3.081698247306012273e-01
-1.202687500668995764e-04 -1.752896519809857149e-03 -8.586387157802750913e-03 -2.713156760368983650e-02 -6.812452066046467691e-02 -1.503957222024319418e-01 -3.144614636864992430e-01
