# R  E_0  E_1  E_2  E_3  E_4  E_5  E_6
3.270989286766126103e+00 -6.105800845216596828e-02 -4.851276953237001338e-02 -3.456222100391498353e-02 -2.115328882624559897e-02 -8.925112207259697922e-03 -1.563640345169043776e-03 -1.202531000518308496e-04
3.082278366375772904e+00 -6.173611799380246401e-02 -4.887123594310611996e-02 -3.458761409513742835e-02 -2.055773804429672849e-02 -8.330049461659971496e-03 -1.563640345169043993e-03 -1.202531000518193571e-04
2.914154091846184791e+00 -5.898006989055945559e-02 -4.666010677005096030e-02 -3.277236655552377698e-02 -1.899857736648563611e-02 -7.340063085087319972e-03 -1.563640345169043993e-03 -1.202531000518368670e-04
2.763421983647244229e+00 -5.611724376736624414e-02 -4.435247211071572521e-02 -3.081908330050632180e-02 -1.739265001715613324e-02 -6.416933813819019651e-03 -1.563640345169043993e-03 -1.202531000518113476e-04
2.627515984451477937e+00 -5.551004965123196300e-02 -4.361455026947644309e-02 -2.986712702901225466e-02 -1.635367096074297200e-02 -5.892921709882586491e-03 -1.563640345169043993e-03 -1.202531000518230840e-04
2.504351172680315152e+00 -5.647272957837205787e-02 -4.402965990015290931e-02 -2.965192731921725139e-02 -1.576460777146389963e-02 -5.738116052705021473e-03 -1.563640345169043993e-03 -1.202531000518368941e-04
2.392216045545375813e+00 -5.721125857553499561e-02 -4.429555613487089899e-02 -2.936787184187329355e-02 -1.526190374629911653e-02 -5.784651339211635372e-03 -1.563640345169043993e-03 -1.202531000517930516e-04
2.289692500736288494e+00 -5.680235597150107285e-02 -4.372961355271179351e-02 -2.861548847377419144e-02 -1.469699093010093383e-02 -5.895824307255038282e-03 -1.563640345169043993e-03 -1.202531000518506228e-04
2.195595548651235074e+00 -5.542108700990794334e-02 -4.243934553838944745e-02 -2.749814381154507686e-02 -1.415962731571744626e-02 -5.993733293678630246e-03 -1.563640345169044210e-03 -1.202531000518258894e-04
2.108927303309739099e+00 -5.377077709018245055e-02 -4.093059394738989692e-02 -2.636353775778774167e-02 -1.382193022816064452e-02 -6.053170568450787388e-03 -1.563640345169043993e-03 -1.202531000518451069e-04
2.028841456348609906e+00 -5.230713827592008147e-02 -3.956243541072476666e-02 -2.546916136802127723e-02 -1.375139129424584813e-02 -6.086557414337657318e-03 -1.563640345169043993e-03 -1.202531000518041105e-04
1.954615549409026487e+00 -5.111686438405856070e-02 -3.839071389369423659e-02 -2.490799938995159543e-02 -1.387517318927968847e-02 -6.115180562742400863e-03 -1.563640345169043993e-03 -1.202531000518226910e-04
1.885629118253413949e+00 -5.016908510525171228e-02 -3.736080069893976674e-02 -2.461229006095190519e-02 -1.406144818132753008e-02 -6.146473909426593447e-03 -1.563640345169043993e-03 -1.202531000518250221e-04
1.821346307403865383e+00 -4.963944064830660974e-02 -3.654901274087928031e-02 -2.453266588871451728e-02 -1.422290829431599631e-02 -6.176730327986592814e-03 -1.563640345169043993e-03 -1.202531000517799870e-04
1.761301923643298739e+00 -4.972228711782610000e-02 -3.611020037712143332e-02 -2.456980468094569978e-02 -1.432721355697337204e-02 -6.200765326899338771e-03 -1.563640345169043993e-03 -1.202531000517928755e-04
1.705090160122767706e+00 -5.065295836832758858e-02 -3.623803190349604575e-02 -2.462616871870542887e-02 -1.437740002014433610e-02 -6.216089031325288013e-03 -1.563640345169043993e-03 -1.202531000517889588e-04
1.652355412902476006e+00 -5.255671058688309027e-02 -3.704584937091431884e-02 -2.475131286824031746e-02 -1.438461487593758331e-02 -6.218662336155322996e-03 -1.563640345169043993e-03 -1.202531000518214306e-04
1.602784750515401813e+00 -5.548282043704701183e-02 -3.856094095965436480e-02 -2.512654780013595310e-02 -1.439338039786982118e-02 -6.212879372272289528e-03 -1.563640345169043776e-03 -1.202531000518010883e-04
1.556101699529516047e+00 -5.939692859903504540e-02 -4.078778085838439399e-02 -2.592772702817107075e-02 -1.449961356998243772e-02 -6.209680829664206668e-03 -1.563640345169043993e-03 -1.202531000518188963e-04
1.512061085391888549e+00 -6.418329828106159041e-02 -4.368780611885651755e-02 -2.722448432447965166e-02 -1.481424053978516384e-02 -6.232024116519475562e-03 -1.563640345169043993e-03 -1.202531000518590525e-04
1.470444725243487794e+00 -6.963122454165290853e-02 -4.710946641774426541e-02 -2.893393303000478534e-02 -1.535648480708380441e-02 -6.300711121071222998e-03 -1.563640345169043993e-03 -1.202531000518163078e-04
1.431057812960180087e+00 -7.543209876761293453e-02 -5.081370837350109720e-02 -3.086733741646753224e-02 -1.603147806805181597e-02 -6.404962871829871472e-03 -1.563640345169043776e-03 -1.202531000518272718e-04
1.393725870013392765e+00 -8.114525758444070258e-02 -5.444519871711220316e-02 -3.273119900652836367e-02 -1.673536548607276048e-02 -6.525569451757013036e-03 -1.563640345169043993e-03 -1.202531000518229892e-04
1.358292161453730218e+00 -8.619958393014860720e-02 -5.759058872358174819e-02 -3.420941760115994712e-02 -1.726776261018724001e-02 -6.618851896735611362e-03 -1.563640345169043993e-03 -1.202531000517996788e-04
1.324615496293720440e+00 -9.019794023927446558e-02 -5.999901960533367273e-02 -3.526366947513941141e-02 -1.756231820387479936e-02 -6.665260782940806913e-03 -1.563640345169043993e-03 -1.202531000518273260e-04
1.292568347189840150e+00 -9.324373306225569591e-02 -6.178992718787289229e-02 -3.557502298179803651e-02 -1.770722673947532078e-02 -6.706059156471481930e-03 -1.563640345169043993e-03 -1.202531000518409056e-04
1.262035236626300572e+00 -9.621957851509885251e-02 -6.350705458065633580e-02 -3.618602367892186783e-02 -1.785926791314976919e-02 -6.724957271217870368e-03 -1.563640345169043993e-03 -1.202531000517709339e-04
1.232911346550308984e+00 -9.896436465709568253e-02 -6.507591711101146092e-02 -3.692444961352012861e-02 -1.800693296553150177e-02 -6.753952293675654674e-03 -1.563640345169043993e-03 -1.202531000518306870e-04
1.205101316176993897e+00 -1.002045773107395898e-01 -6.618561325686642127e-02 -3.694387183486082943e-02 -1.807118832941075753e-02 -6.772663653573797460e-03 -1.563640345169043993e-03 -1.202531000518655170e-04
1.178518198908383718e+00 -1.019907128036227906e-01 -6.766591786220026161e-02 -3.765894704940175863e-02 -1.824005052827162507e-02 -6.797906516983035635e-03 -1.563640345169043993e-03 -1.202531000518192622e-04
1.153082554327627074e+00 -1.006204388119491672e-01 -6.730645472822564812e-02 -3.748760670042766696e-02 -1.820567621790313007e-02 -6.815539815283272115e-03 -1.563640345169044210e-03 -1.202531000517841747e-04
1.128721655292536319e+00 -1.021540811657394576e-01 -6.847403127017576141e-02 -3.780837813022039362e-02 -1.850681993566562558e-02 -6.831174040309100429e-03 -1.563640345169043776e-03 -1.202531000518769689e-04
1.105368793458897825e+00 -9.787718319372723519e-02 -6.875664205807267837e-02 -3.804665801506877665e-02 -1.849562629365454972e-02 -6.852575966054388033e-03 -1.563640345169043993e-03 -1.202531000518038530e-04
1.082962669267163447e+00 -9.326456704766462880e-02 -6.710315560006060998e-02 -3.708339501469920529e-02 -1.845079896756639248e-02 -6.860870875878680164e-03 -1.563640345169043993e-03 -1.202531000517821961e-04
1.061446854645961446e+00 -8.969600624055519555e-02 -6.798519466638372477e-02 -3.853456397620282775e-02 -1.860243908372357508e-02 -6.859592342764972081e-03 -1.563640345169043993e-03 -1.202531000518415155e-04
1.040769318516494568e+00 -8.017149985520446998e-02 -6.728443561228575343e-02 -3.828093867879989870e-02 -1.859357934836543616e-02 -6.880865775327864309e-03 -1.563640345169043993e-03 -1.202531000519321954e-04
1.020882006697708011e+00 -7.273388007106526554e-02 -6.386718912231288681e-02 -3.760589967242600196e-02 -1.851849415811326893e-02 -6.880078939793827369e-03 -1.563640345169043993e-03 -1.202531000518540245e-04
1.001740469072126105e+00 -6.694404806558509891e-02 -6.348882912008863011e-02 -3.651259935675572194e-02 -1.845840214765365889e-02 -6.895095753480686221e-03 -1.563640345169044210e-03 -1.202531000518465164e-04
9.833035279235594617e-01 -5.388723807431494706e-02 -5.883486256616574789e-02 -3.722015631014013309e-02 -1.858580948400465754e-02 -6.886530601191840316e-03 -1.563640345169043993e-03 -1.202531000517718826e-04
9.655329822381938376e-01 -3.787932345769193243e-02 -5.821785289029479671e-02 -3.786414378460953301e-02 -1.880395659234907965e-02 -6.892292315954069715e-03 -1.563640345169043993e-03 -1.202531000518229485e-04
9.483933435002376289e-01 -3.267125028749320870e-02 -5.603483240770015805e-02 -3.601632120960107653e-02 -1.884952868998686012e-02 -6.908458121439483603e-03 -1.563640345169043993e-03 -1.202531000518161587e-04
9.318515991368613305e-01 -2.705883513534093621e-02 -5.541081579708763416e-02 -3.502500595969962327e-02 -1.858206892239860908e-02 -6.908058524842945053e-03 -1.563640345169043776e-03 -1.202531000518583748e-04
9.158770002945152422e-01 -6.521903332424888733e-03 -5.702068945557678403e-02 -3.652234142421634244e-02 -1.845089781234664217e-02 -6.875973614151575583e-03 -1.563640345169043993e-03 -1.202531000517867768e-04
9.004408710760685164e-01 2.530362395144319931e-02 -4.700093166817125023e-02 -3.513719462065925669e-02 -1.813029042236486213e-02 -6.883475664850143699e-03 -1.563640345169043993e-03 -1.202531000518071598e-04
8.855164367488407295e-01 2.863076124939289979e-02 -4.968049549245433238e-02 -3.578474202936975102e-02 -1.838916172822267769e-02 -6.889015820623014055e-03 -1.563640345169043993e-03 -1.202531000517638324e-04
8.710786687583704779e-01 2.829550673473724132e-02 -4.966796712573792738e-02 -3.611091027676145704e-02 -1.853678748332671100e-02 -6.912453900058086916e-03 -1.563640345169043993e-03 -1.202531000518128654e-04
8.571041446606425529e-01 6.470129073840258371e-02 -4.765860419262928083e-02 -3.620173271013335525e-02 -1.847191411493056407e-02 -6.915628860011489160e-03 -1.563640345169043993e-03 -1.202531000517780219e-04
8.435709213238956616e-01 7.448831895684804305e-02 -3.983005813722306776e-02 -3.433812520425164744e-02 -1.792787141104299278e-02 -6.910249508392314610e-03 -1.563640345169044210e-03 -1.202531000518996965e-04
8.304584199561667601e-01 6.256131807806386558e-02 -4.409094191245256644e-02 -3.477575730748818511e-02 -1.869434044805352857e-02 -6.887461757899063924e-03 -1.563640345169043993e-03 -1.202531000519036267e-04
8.177473216915315257e-01 7.063174384660181326e-02 -4.572826859496395557e-02 -3.244216179020922852e-02 -1.826098430729868743e-02 -6.932282447534297495e-03 -1.563640345169043993e-03 -1.202531000517833616e-04
