# R  E_0  E_1  E_2  E_3  E_4  E_5  E_6
3.270989286766126103e+00 -4.644236206234991782e-02 -3.765735507892668116e-02 -2.744515551510462448e-02 -1.695808463593625678e-02 -7.403738639920793424e-03 -1.394023007030449884e-03 -1.202531000518308496e-04
3.082278366375772904e+00 -4.937361584819163762e-02 -3.978868643862715909e-02 -2.864986143447617595e-02 -1.728483842112681773e-02 -7.161360600049971811e-03 -1.438399357016992286e-03 -1.202531000518193571e-04
2.914154091846184791e+00 -5.166939406939408119e-02 -4.133838090536601229e-02 -2.933829444325089519e-02 -1.719950597033439652e-02 -6.728009492964245018e-03 -1.495984485494843879e-03 -1.202531000518368670e-04
2.763421983647244229e+00 -5.329311483422669721e-02 -4.228893363502975178e-02 -2.951572116150891212e-02 -1.674212362050763944e-02 -6.214812761660567196e-03 -1.538342657825610442e-03 -1.202531000518113476e-04
2.627515984451477937e+00 -5.447235852273928786e-02 -4.286483392677287174e-02 -2.940123187829957879e-02 -1.613057875157333093e-02 -5.829658274508159842e-03 -1.554411342343030777e-03 -1.202531000518230840e-04
2.504351172680315152e+00 -5.540539097581442113e-02 -4.326014182826420917e-02 -2.918273679792647221e-02 -1.554942545507753855e-02 -5.680319520987936466e-03 -1.554266649874807074e-03 -1.202531000518368941e-04
2.392216045545375813e+00 -5.607026970330906274e-02 -4.346828454313853007e-02 -2.887445116458178807e-02 -1.504436446411281172e-02 -5.726215478552232341e-03 -1.553793374062012195e-03 -1.202531000517930516e-04
2.289692500736288494e+00 -5.633411219820878835e-02 -4.338570488595413360e-02 -2.841550439386096583e-02 -1.461146732976167581e-02 -5.871923195057512056e-03 -1.559658090915542030e-03 -1.202531000518506228e-04
2.195595548651235074e+00 -5.610705914406172168e-02 -4.294983846073192196e-02 -2.779098589523398832e-02 -1.428052255231358411e-02 -6.030072458318504712e-03 -1.569510935284934875e-03 -1.202531000518258894e-04
2.108927303309739099e+00 -5.542092469591464177e-02 -4.220247558532779636e-02 -2.708082007309566344e-02 -1.411392829078973211e-02 -6.148338014571259717e-03 -1.578624261852105580e-03 -1.202531000518451069e-04
2.028841456348609906e+00 -5.441133213090255244e-02 -4.126212742712069559e-02 -2.642563519503568492e-02 -1.414199779309135117e-02 -6.221043425962279223e-03 -1.584645860532291669e-03 -1.202531000518041105e-04
1.954615549409026487e+00 -5.324952338279409503e-02 -4.024975956672015298e-02 -2.595004633029298832e-02 -1.431890220102182039e-02 -6.271317589321184077e-03 -1.588205821659102604e-03 -1.202531000518226910e-04
1.885629118253413949e+00 -5.212097828823526735e-02 -3.925436840128564836e-02 -2.571020770700041536e-02 -1.455237894721796328e-02 -6.318078077224274260e-03 -1.590849893131106047e-03 -1.202531000518250221e-04
1.821346307403865383e+00 -5.126213866931193103e-02 -3.835698790053185953e-02 -2.567475458581987280e-02 -1.476189867011067774e-02 -6.363424104277082965e-03 -1.593323429129700963e-03 -1.202531000517799870e-04
1.761301923643298739e+00 -5.097432997115873554e-02 -3.767797316843427002e-02 -2.572841596618066773e-02 -1.490701102654796301e-02 -6.400468024100177018e-03 -1.595440445674304372e-03 -1.202531000517928755e-04
1.705090160122767706e+00 -5.155494053597219073e-02 -3.741589538345210103e-02 -2.573287407882365527e-02 -1.497321350525731946e-02 -6.422002146546011876e-03 -1.596657843008157445e-03 -1.202531000517889588e-04
1.652355412902476006e+00 -5.319312634056576339e-02 -3.781191136552249782e-02 -2.567403856503891468e-02 -1.495218848573404667e-02 -6.422183782059074329e-03 -1.596383416348053520e-03 -1.202531000518214306e-04
1.602784750515401813e+00 -5.593733823885021356e-02 -3.902767677163439947e-02 -2.577186994039387669e-02 -1.487139924638338807e-02 -6.398571111162320267e-03 -1.594134474096978128e-03 -1.202531000518010883e-04
1.556101699529516047e+00 -5.973874939173056536e-02 -4.109022790644093620e-02 -2.633661222089994300e-02 -1.485655243785113065e-02 -6.365624602296576610e-03 -1.590455653453966452e-03 -1.202531000518188963e-04
1.512061085391888549e+00 -6.449094736098981429e-02 -4.393043544507201775e-02 -2.751720255449188399e-02 -1.508609210114441115e-02 -6.367257341565737798e-03 -1.588494666995772606e-03 -1.202531000518590525e-04
1.470444725243487794e+00 -7.004746496772398801e-02 -4.741658836784753972e-02 -2.925466226376583628e-02 -1.564001913447044326e-02 -6.450882956078809669e-03 -1.593201869556160836e-03 -1.202531000518163078e-04
1.431057812960180087e+00 -7.624227077650899687e-02 -5.137893225133550318e-02 -3.138401272780760864e-02 -1.645847321138386998e-02 -6.623502208539209200e-03 -1.606860420571837441e-03 -1.202531000518272718e-04
1.393725870013392765e+00 -8.291175311452483876e-02 -5.563527800079846181e-02 -3.371617904672218058e-02 -1.741308235383808023e-02 -6.848963366460832612e-03 -1.626473356820991398e-03 -1.202531000518229892e-04
1.358292161453730218e+00 -8.991855103097713686e-02 -6.002104975903557044e-02 -3.608307827630468506e-02 -1.837730965348309542e-02 -7.079121337440996004e-03 -1.646620799329292324e-03 -1.202531000517996788e-04
1.324615496293720440e+00 -9.718124779732215113e-02 -6.442853404559083230e-02 -3.837639756234686311e-02 -1.927142464113725320e-02 -7.283052477989548912e-03 -1.663789981328420587e-03 -1.202531000518273260e-04
1.292568347189840150e+00 -1.046815583615856027e-01 -6.882319703969766445e-02 -4.056130844192034485e-02 -2.007308914879746969e-02 -7.453919048520904131e-03 -1.677421956560837387e-03 -1.202531000518409056e-04
1.262035236626300572e+00 -1.124331038760050389e-01 -7.321442722504152567e-02 -4.264775357967189734e-02 -2.079300430363915236e-02 -7.597415103690444843e-03 -1.688309727036854365e-03 -1.202531000517709339e-04
1.232911346550308984e+00 -1.204456173663882163e-01 -7.761595073751649532e-02 -4.465365058006656035e-02 -2.144769514867469334e-02 -7.720623238696925315e-03 -1.697282461617420331e-03 -1.202531000518306870e-04
1.205101316176993897e+00 -1.287096743704957136e-01 -8.202693800996038731e-02 -4.658794442181266038e-02 -2.204845979613560131e-02 -7.828381816921197930e-03 -1.704875682511546205e-03 -1.202531000518655170e-04
1.178518198908383718e+00 -1.371963092193005385e-01 -8.643028424182862268e-02 -4.844910634809694583e-02 -2.260087748181643236e-02 -7.923489807349054503e-03 -1.711397858286897201e-03 -1.202531000518192622e-04
1.153082554327627074e+00 -1.458614477188171499e-01 -9.079725396727736375e-02 -5.022878957211374812e-02 -2.310703427939910307e-02 -8.007555231343719757e-03 -1.717031574402782439e-03 -1.202531000517841747e-04
1.128721655292536319e+00 -1.546511359153507903e-01 -9.509341430313206223e-02 -5.191619105263079598e-02 -2.356771273080572604e-02 -8.081647536667095275e-03 -1.721899087924254074e-03 -1.202531000518769689e-04
1.105368793458897825e+00 -1.635062169331782389e-01 -9.928374878400032799e-02 -5.350134793660501348e-02 -2.398375257742228067e-02 -8.146652180133719459e-03 -1.726096178207773505e-03 -1.202531000518038530e-04
1.082962669267163447e+00 -1.723663546742708053e-01 -1.033365293195198792e-01 -5.497719996858305841e-02 -2.435673292899947009e-02 -8.203433557520973390e-03 -1.729707353378895189e-03 -1.202531000517821961e-04
1.061446854645961446e+00 -1.811730880191071702e-01 -1.072255924534760152e-01 -5.634033893534041298e-02 -2.468907683997739050e-02 -8.252868483449332659e-03 -1.732810201814523202e-03 -1.202531000518415155e-04
1.040769318516494568e+00 -1.898719876469644186e-01 -1.109312472923852932e-01 -5.759085305920949582e-02 -2.498384579865239874e-02 -8.295822280595348611e-03 -1.735475701976115252e-03 -1.202531000519321954e-04
1.020882006697708011e+00 -1.984138510399567068e-01 -1.144401177180652124e-01 -5.873170211248806422e-02 -2.524448275434223316e-02 -8.333122598809127382e-03 -1.737767668761982295e-03 -1.202531000518540245e-04
1.001740469072126105e+00 -2.067555315916120018e-01 -1.177446110830637910e-01 -5.976791846748886333e-02 -2.547450953613152741e-02 -8.365526145583116607e-03 -1.739741914527355264e-03 -1.202531000518465164e-04
9.833035279235594617e-01 -2.148599232657581459e-01 -1.208417808624380196e-01 -6.070585981871302189e-02 -2.567737074813120773e-02 -8.393712127203099838e-03 -1.741446541463320371e-03 -1.202531000517718826e-04
9.655329822381938376e-01 -2.226958356168923236e-01 -1.237323645767544750e-01 -6.155247626809487449e-02 -2.585623076128616346e-02 -8.418268707563897682e-03 -1.742922364385769869e-03 -1.202531000518229485e-04
9.483933435002376289e-01 -2.302379284603463527e-01 -1.264201002547025998e-01 -6.231507792667149992e-02 -2.601401059595250670e-02 -8.439707200684536115e-03 -1.744203743522091928e-03 -1.202531000518161587e-04
9.318515991368613305e-01 -2.374661243727628490e-01 -1.289107654218375754e-01 -6.300086833353205074e-02 -2.615331028359663482e-02 -8.458466359929696712e-03 -1.745319798865021610e-03 -1.202531000518583748e-04
9.158770002945152422e-01 -2.443651257876274518e-01 -1.312115333356309310e-01 -6.361667826112260560e-02 -2.627638234841119316e-02 -8.474911236410868215e-03 -1.746294193993111303e-03 -1.202531000517867768e-04
9.004408710760685164e-01 -2.509242821969677184e-01 -1.333307156213287548e-01 -6.416903031308757166e-02 -2.638523286419280217e-02 -8.489358283903241861e-03 -1.747147293668610806e-03 -1.202531000518071598e-04
8.855164367488407295e-01 -2.571370562791567282e-01 -1.352773374481760771e-01 -6.466400426133731005e-02 -2.648161104867598550e-02 -8.502075991455458961e-03 -1.747895875664079402e-03 -1.202531000517638324e-04
8.710786687583704779e-01 -2.630005186306575427e-01 -1.370607620464236454e-01 -6.510715582196914542e-02 -2.656700187926046980e-02 -8.513285674093021629e-03 -1.748554034916269349e-03 -1.202531000518128654e-04
8.571041446606425529e-01 -2.685152134012385727e-01 -1.386906577705730170e-01 -6.550364117849943879e-02 -2.664273805340378054e-02 -8.523184653251147241e-03 -1.749133888121119119e-03 -1.202531000517780219e-04
8.435709213238956616e-01 -2.736845424737328614e-01 -1.401766500811069127e-01 -6.585810052971188822e-02 -2.670995223105525687e-02 -8.531937717742259578e-03 -1.749645751570086958e-03 -1.202531000518996965e-04
8.304584199561667601e-01 -2.785144081853102582e-01 -1.415282632396020202e-01 -6.617474241289755810e-02 -2.676962226498694544e-02 -8.539680544957860969e-03 -1.750097407491128451e-03 -1.202531000519036267e-04
8.177473216915315257e-01 -2.830130845332498035e-01 -1.427549272310341399e-01 -6.645742925572593884e-02 -2.682262195681993713e-02 -8.546539493280561062e-03 -1.750497199092553371e-03 -1.202531000517833616e-04
